# PLAYERSETTINGSLIGHTS.DAT
# Code maintained by Miguel Freitas
# Date maintained by Rick Stirling
#
#######################################################################################################################################
# NOTES -
#######################################################################################################################################
#
#######################################################################################################################################
# Lights Types:
#     LT_POINT   = 0
#     LT_DIR     = 1
#     LT_SPOT    = 2
#     LT_AMBOCC  = 3
#     LT_CLAMPED = 4
#
#######################################################################################################################################

# ---------------------------------------------------------------------------------------------------------------------------------------------------------------------
# -Type- -Direction-   -Position Offset-     -LookAt Offset-   -Color RGB-         -Intensity- -FallOff- -InnerConeAngle- -OuterConeAngle- -VolScale- -VolSize-
# ---------------------------------------------------------------------------------------------------------------------------------------------------------------------


2        -.94 	-.174 	-.293   7.645  	1.295  2.79 -.002 -.117 .41  156 140  95  .275       40       1    7.942  100      100
2         .887 	-.296 	-.355  -3    	1      1    0 0 -.2      156 152 106  .058       40       4         100   100      100
2         .533  	.347 		-.772  -4.828 	-3.448  6.795  0 0 -.2      80   95.2 130   .48        40    4    100     100      100
2         0 0 0     1.998 	-1.5   -.4     	0 0 -.2      255 200 120   .31         10       4               10        100      100
2         0 0 0     0.4    	1.403  -1.35   	0 0 -.2      100 110 110   0         10       4               100         100      100
2         0 0 0     0    	2    	 0     	0 0 -.2      255 255 255   0         40       4               100         100      100
2         0 0 0     0    	2      0     	0 0 -.2      255 255 255   0         40       4              100          100      100
2         0 0 0     0    	2      0     	0 0 0       255 255 255   0         40       4              100           100      100
