//
// The timecyclemodifiers can be used to alter some of the timecycle settings depending on the
// area that the camera is in.
// There are boxes set up on the map to limit the far clip or to create an orange glow
// Interiors/portals also use these modifiers.

// EXAMPLE: notused                            -1.0       500.0        -1.0         300.0    255 255 255 255   1.0   255 255 255 255   1.0   255   0   0 255  20.0        1.00        0   0   0   0      0   0   0   0    64.0     -1    -100.0           1.0          2.3              1.0               0.1               0.2          10.0    128 128 128     0   0   0      0.0         1.0      1.0      1.0            1.0         1.0          0.0        32.0      0.0     100.0       0.0     0.0    -1.0    -1.0    -1.0    -1.0    -1.0    -1.0    -1.0 1.0f 1.0
//


// Name                         Name MinFarClip MaxFarClip MinFogStart MaxFogStart AmbientLight0(RGBAM) AmbientLight1(RGBAM) DirectionalLight(RGBAM) AmbientDownMult Fog(RGBA) NearFog(RGBA) Fog Mult Near Fog Axis Temperature PostFxStrength Exposure Exposure Multiplier BrightPassThreshold MidGreyValue IntensityBloom ColourCorrect ColourAdd Desaturation Contrast Gamma DesaturationFar ContrastFar GammaFar DepthFxNear DepthFxFar LumMin LumMax LumAdaptDelay GlobEnvRefl MinFarDOF MaxFarDOF MinNearDOF MaxNearDOF NearBlurDOF MidBlurDOF FarBlurDOF WaterReflection ParticleHDR AmbientOcclusionMult SkyMultiplier PedAmbOccHack NearFogAmount
NIGHTSHADE                         -1.0       500.0        -1.0          -1.0    160 180 220 255   1.0   150 200 170 255   1.0     0   0   0 255   0.0        0.50        0   0   0   0      0   0   0   0     1.0      0    -100.0           0.0          2.8              1.0              -1.4               0.2          10.0    128 128 128     0   0   0      0.0         1.0      1.0      1.0            1.0         1.0          0.0        32.0      0.0     100.0       0.0     0.0    -1.0    -1.0     0.0     0.0     0.0    -1.0    -1.0   -1.0    -1.0     1.0   -1.0   -1.0       1.0       0
PIZZAREST                          -1.0       300.0        -1.0          -1.0    176 229 255 255   2.0   128 255 251 255   2.9     0   0   0 255   0.0        0.50        1   1   1 255      1   1   1   0     1.0      0    28.0           1.0          1.0              1.0               0.3               0.5           3.0    117 129 124     0   0   0      0.7         1.0      0.7      1.0            1.0         0.8          0.0        32.0      5.0     100.0       0.1    -1.0    -1.0    -1.0     0.0     0.0     0.0    -1.0    -1.0   -1.0    -1.0     1.0    0.4   -1.0       1.0       255
PIZZAREST2                         -1.0        -1.0        -1.0          -1.0    250 214 167 255   7.5   255 175 138 255   6.0     0   0   0 255   0.0        0.40        0   0   0   0      0   0   0   0     1.0      0    20.0           1.0          1.0              1.0               0.5               1.0           3.0    132 128 120     0   0   0      0.7         1.0      1.0      1.0            1.0         1.0          0.0        32.0      7.0     20.0       0.0     0.0    -1.0    -1.0     0.0     0.0     0.0    -1.0    -1.0   -1.0    -1.0     1.0    0.6    1.0       1.0       0
BRUCIE_STUDIO                      -1.0       500.0       300.0          -1.0    250 197 177 255   9.9   250 214 147 255  10.3     0   0   0 255   0.0        0.55        0   0   0   0      0   0   0   0     1.0      0    -100.0           1.0          1.0              0.9               0.3               0.7           3.0    128 128 128     0   0   0      0.7         1.0      1.1      1.0            1.0         1.0          0.0        32.0      6.2     36.6       0.0     0.9    -1.0    -1.0     0.0     0.0     0.0    -1.0    -1.0   -1.0    -1.0     1.0    0.7   -1.0       1.0       0
church                             -1.0       500.0       450.0         500.0    150 170 200 255  11.5   150 200 170 255  11.5     0   0   0 255   0.0        0.25        0   0   0   0      0   0   0   0     1.0      0    28.0           1.0          2.0              1.0               0.1               1.0           4.0    128 128 128     0   0   0      0.4         1.0      1.0      1.0            1.0         1.0          0.0        32.0     13.6     100.0       0.0     0.0    -1.0    -1.0     0.0     0.0     0.0    -1.0    -1.0   -1.0    -1.0     1.0   -1.0   -1.0       1.0       0
Faustins                           -1.0        -1.0       200.0         250.0    219 209 160 255   7.7   182 192 217 255   8.9     0   0   0 255   0.0        0.55        0   0   0   0      0   0   0   0     1.0      0    28.0           1.0          1.0              1.0               0.4               0.8           3.0    128 128 128     0   0   0      0.6         1.0      1.0      1.0            1.0         1.0          0.0        32.0     11.0     100.0       0.0     0.0    -1.0    -1.0     0.0     0.0     0.0    -1.0    -1.0   -1.0    -1.0     1.0    0.5   -1.0       1.0       0
Faustinsbase                       -1.0       500.0       200.0         250.0    161 139 114 255   8.0   171 152 152 255  10.0     0   0   0 255   0.0        0.50        0   0   0   0      0   0   0   0     1.0      0    10.0           1.0          1.0              1.0               0.3               0.5           7.0    128 128 128     0   0   0      0.6         1.0      1.0      1.0            1.0         1.0          0.0        32.0      7.0     100.0       0.0     0.0    -1.0    -1.0     0.0     0.0     0.0    -1.0    -1.0   -1.0    -1.0     1.0    0.8   -1.0       1.0       0
LittleJacobs                       -1.0        -1.0       300.0          -1.0    252 218 162 128   5.4   217 199 184 128   6.5     0   0   0 255   0.0        0.40        0   0   0   0      0   0   0   0     1.0      0    28.0           1.0          1.0              1.0               1.0               0.9           1.0    132 130 120     0   0   0      0.7         1.0      1.0      1.0            1.0         1.0          0.0        32.0     13.6     100.0       0.0    -1.0    -1.0    -1.0     0.0     0.0     0.0    -1.0    -1.0   10.0    -1.0     1.0    0.6   -1.0       1.0       0
Prison                             -1.0        20.0       300.0          -1.0    166 127  80 255  11.9   212 194 157 255   8.9     0   0   0 255   0.0        0.20        0   0   0   0      0   0   0   0     1.0      0    28.0           1.0          1.0              1.0               1.0               0.9           1.0    125 120 116     0   0   0      0.9         2.8      1.0      1.0            1.0         1.0          0.0        32.0      8.4     100.0       0.0     0.0    -1.0    -1.0     0.0     0.0     0.0    -1.0    -1.0   -1.0    -1.0     1.0    0.4   -1.0       1.0       0
BernieCrane                        -1.0        -1.0       300.0          -1.0    252 237 212 255   4.5   255 205 199 255   4.5     0   0   0 255   0.0        0.50        0   0   0   0      0   0   0   0     1.0      0    28.0           1.0          1.0              1.0               0.4               0.8           0.1    135 128 128     0   0   0      0.7         1.0      1.0      1.0            1.0         1.0          0.0        32.0      7.8     100.0       0.0     0.0    -1.0    -1.0     0.0     0.0     0.0    -1.0    -1.0   -1.0    -1.0     1.0    0.6   -1.0       1.0       0
McRearyHouse                       -1.0        -1.0       300.0          -1.0    247 207 173 255   6.0   255 233 207 255   5.0     0   0   0 255   0.0        0.70        0   0   0   0      0   0   0   0     1.0      0    28.0           1.0          1.0              1.0               1.0               1.0           1.0    132 128 124     0   0   0      0.7         1.0      1.1      1.0            1.0         1.0          0.0        32.0     11.0     100.0       0.0     0.0    -1.0    -1.0     0.0     0.0     0.0    -1.0    -1.0   -1.0    -1.0     1.0    0.6   -1.0       1.0       0
CopshopOffice                      -1.0        -1.0       300.0          -1.0    242 228 206 255   6.3   242 179 107 255   5.9     0   0   0 255   0.0        0.65        0   0   0   0      0   0   0   0     1.0      0    28.0           1.0          1.0              1.0               0.3               1.0           1.0    140 132 122     0   0   0      0.6         1.0      1.0      1.0            1.0         1.0          0.0        32.0     11.0     100.0       0.0     0.0    -1.0    -1.0     0.0     0.0     0.0    -1.0    -1.0   -1.0    -1.0     1.0    0.6   -1.0       1.0       0
Michelles                          -1.0        -1.0       300.0          -1.0    217 181 147 255   5.0   235 156 120 255   4.0     0   0   0   0   0.0        0.90        0   0   0   0      0   0   0   0     1.0      0    28.0           1.0          1.0              1.0               0.4               1.0           3.0    137 130 126     0   0   0      0.7         1.0      1.0      1.0            1.0         1.0          0.0        32.0     11.0     100.0       0.0     0.0    -1.0    -1.0     0.0     0.0     0.0    -1.0    -1.0   -1.0    -1.0     1.0    0.5   -1.0       1.0       0
sopranos                           -1.0        -1.0       300.0          -1.0    245 220 152 255   5.5   252 204 164 255   4.3   255 255 255 255   0.0        0.80        0   0   0   0      0   0   0   0     1.0      0    28.0           1.0          1.0              1.0               0.3               0.9           2.0    140 140 132     0   0   0      0.7         1.0      1.0      1.0            1.0         1.0          0.0        32.0     13.6     100.0       0.0     0.0    -1.0    -1.0     0.0     0.0     0.0    -1.0    -1.0   -1.0    -1.0     1.0    0.6    1.0       1.0       0
Manny                             300.0       500.0       300.0         310.0    255 255 255 255   5.0   255 255 255 255   1.4     0   0   0 255   0.0        0.63        0   0   0   0      0   0   0   0     1.0      0    28.0           1.0          2.2              1.0               0.9               0.5           1.0    128 128 128     0   0   0      0.7         1.0      1.0      1.0            1.0         1.0          0.0        32.0     13.6     100.0       0.0     0.0    -1.0    -1.0     0.0     0.0     0.0     0.3     1.0   -1.0    -1.0     1.0   -1.0   -1.0       1.0       0
CIAoffice                          -1.0       300.0        99.0         100.0    255 255 255 255   9.0   255 255 255 255   8.0   255 255 255 255   0.0        0.80        0   0   0   0      0   0   0   0     1.0      0    28.0           1.0          1.0              0.6               1.0               0.4           1.0    128 128 128     0   0   0      0.8         0.6      1.0      1.0            1.0         1.0          0.0        32.0      2.5     100.0       0.0     0.0    -1.0    -1.0     0.0     0.0     0.0    -1.0    -1.0   -1.0    -1.0     1.0    0.9   -1.0       1.0       0
portacabin                         -1.0       250.0        99.0         100.0    255 255 255 255   2.0   255 255 255 255   2.0   255 255 255 255   0.0        0.70        0   0   0   0      0   0   0   0     1.0      0    28.0           1.0          1.0              1.1               0.5               1.0           4.0    128 128 128     0   0   0      0.6         1.0      0.7      1.0            1.0         1.0          0.0        32.0     12.0     100.0       0.0    -1.0    -1.0    -1.0     0.0     0.0     0.0    -1.0    -1.0   -1.0    -1.0     1.0   -1.0   -1.0       1.0       0
comclub                            -1.0       500.0       300.0          -1.0    178 149  29 255  11.0   178 149  29 255  11.0     0   0   0 255   0.0        0.80        0   0   0   0      0   0   0   0     1.0      0    28.0           1.0          1.0              1.0               0.3               0.6           3.0    128 124 100     0   0   0      0.7         1.0      1.0      1.0            1.0         1.0          0.0        32.0     10.0     100.0       0.0     0.0    -1.0    -1.0     0.0     0.0     0.0    -1.0    -1.0   -1.0    -1.0     1.0    0.7   -1.0       1.0       0
elizabetas                         -1.0        -1.0       300.0          -1.0    247 207 173 255   5.2   230 156 110 255   3.8     0   0   0 255   0.0        0.50        0   0   0   0      0   0   0   0     1.0      0    28.0           1.0          1.8              1.1               1.3               1.1           1.0    140 130 124     0   0   0      0.7         1.0      0.8      1.0            1.0         1.0          0.0        32.0     18.0     100.0       0.0     0.0    -1.0    -1.0     0.0     0.0     0.0    -1.0    -1.0   -1.0    -1.0     1.0    0.6    5.0       1.0       0
Bada                               -1.0        -1.0       300.0          -1.0     34 252   0 255   1.0     0  37 245 255   3.0     0   0   0   0   0.0        1.00        0   0   0   0      0   0   0   0     1.0      0    28.0           1.0         14.1              1.0               0.3               0.9           4.0      1 255   1     0   0   0      0.4         1.0      1.0      1.0            1.0         1.0          0.0        32.0     13.6     100.0       0.0     0.0    -1.0    -1.0     0.0     0.0     0.0    -1.0    -1.0   -1.0    -1.0     1.0   -1.0   -1.0       1.0       0
fau3_a                             -1.0        80.0         5.0           7.0     48  46  44 255   7.0   120  73  73 255  10.5     0   0   0   0   0.0        0.10       54  52  45 255     74  71  69  60     1.0      0    28.0           1.0          0.9              0.6               1.0               0.5           1.0    128 122 120     0   0   0      0.7         1.0      1.0      1.0            1.0         1.0          0.0        10.0      2.2     100.0       0.1     0.0    -1.0    -1.0     0.0     0.0     0.0     0.5     1.0    0.0    -1.0     1.0    0.7    6.0       1.0       255
imbhst                             -1.0        -1.0       420.0         470.0    180 199 219 255   7.0   180 180 220 255   8.0     0   0   0   0  20.0        0.85        0   0   0   0      0   0   0   0     1.0      0    28.0           1.0          1.0              1.0               0.3               0.8           4.7    128 128 128     0   0   0      0.4         1.0      1.0      1.0            1.0         1.0          0.0        32.0      5.3     100.0       0.0     0.0    -1.0    -1.0     0.0     0.0     0.0    -1.0    -1.0   -1.0    -1.0     1.0   -1.0   -1.0       1.0       0
em_4b                              -1.0       450.0       300.0          -1.0    255 254 227 255   5.0   230 252 255 255   4.0     0   0   0 255   0.0        0.45        0   0   0   0      0   0   0   0     1.0      0    20.0           1.0          1.0              1.0               0.3               0.9           1.0    128 128 128     0   0   0      0.6         1.0      1.0      1.0            1.0         1.0          0.0        32.0      7.7     100.0       0.0     0.0    -1.0    -1.0     0.0     0.0     0.0    -1.0    -1.0   -1.0    -1.0     1.0    0.8   -1.0       1.0       0
g_1                                -1.0        -1.0       300.0          -1.0    204 255 232 255   6.0   243 255 181 255   1.0     0   0   0 255   0.0        0.29        0   0   0   0      0   0   0   0     1.0      0    28.0           1.0          1.3              1.0               1.3               1.1           1.0    125 140 135     0   0   0      0.7         1.0      0.8      1.0            1.0         1.0          0.0        32.0     20.0     100.0       0.0     0.1    -1.0    -1.0     0.0     0.0     0.0    -1.0    -1.0    0.1    -1.0     1.0    0.3    1.0       1.0       0
g_2                                -1.0        -1.0       300.0          -1.0    204 255 232 255   6.0   243 255 181 255   1.0     0   0   0 255   0.0        0.29        0   0   0   0      0   0   0   0     1.0      0    28.0           1.0          1.3              1.0               1.3               1.1           1.0    125 140 135     0   0   0      0.7         1.0      0.8      1.0            1.0         1.0          0.0        32.0     20.0     100.0       0.0     0.1    -1.0    -1.0     0.0     0.0     0.0    -1.0    -1.0    0.1    -1.0     1.0    0.3    1.0       1.0       0
g_3                                -1.0        -1.0       300.0          -1.0    204 255 232 255   6.0   243 255 181 255   1.0     0   0   0 255   0.0        0.29        0   0   0   0      0   0   0   0     1.0      0    28.0           1.0          1.3              1.0               1.3               1.1           1.0    125 140 135     0   0   0      0.7         1.0      0.8      1.0            1.0         1.0          0.0        32.0     20.0     100.0       0.0     0.1    -1.0    -1.0     0.0     0.0     0.0    -1.0    -1.0    0.1    -1.0     1.0    0.3    1.0       1.0       0
em_4                               -1.0        -1.0        -1.0           3.0    247 207 173 255   3.1   230 156 110 255   4.8     0   0   0   0   0.0        0.20      163  60  49 255     59  52  43 200     1.0      0    28.0           1.0          1.5              1.0               1.3               1.1          10.0    140 132 124     0   0   0      0.7         1.0      1.0      1.0            1.0         1.0          0.0        32.0     20.0     100.0       0.0     0.0    -1.0    -1.0     0.0     0.0     0.0    -1.0    -1.0   -1.0    -1.0     1.0    0.6    7.0       1.0       255
df_2                               -1.0        -1.0       300.0          -1.0     77  87  44 255  10.0   191 177 130 255  10.0     0   0   0 255   0.0        0.50        0   0   0   0      0   0   0   0     1.0      0    28.0           0.8          1.5              1.0               1.0               0.5           1.0    128 128 128     0   0   0      0.8         2.0      1.0      0.9            1.0         1.0          0.0        32.0     13.6     100.0       2.0     0.0    -1.0    -1.0     0.0     0.0     0.0    -1.0    -1.0   -1.0    -1.0     1.0    0.3   -1.0       1.0       0
df_3                               -1.0        -1.0       300.0          -1.0     77  87  44 255  10.0   191 177 130 255  10.0     0   0   0 255   0.0        0.50        0   0   0   0      0   0   0   0     1.0      0    28.0           0.8          1.5              1.0               1.0               0.5           1.0    128 128 128     0   0   0      0.8         2.0      1.0      0.9            1.0         1.0          0.0        32.0     13.6     100.0       2.0     0.0    -1.0    -1.0     0.0     0.0     0.0    -1.0    -1.0   -1.0    -1.0     1.0    0.3   -1.0       1.0       0
lilj1_a                            -1.0        -1.0        -1.0          -1.0    252 255 255   0   0.0   255 255 255   0   0.0     0   0   0   0   0.0        0.00        0   0   0   0      0   0   0   0     1.0      0    -1.0           0.0         -1.0             -1.0              -1.0              -1.0          -1.0      0   0   0     0   0   0     -1.0        -1.0     -1.0     -1.0           -1.0        -1.0         -1.0        -1.0     -1.0     -1.0      -1.0    -1.0    -1.0    -1.0     0.0     0.0     0.0    -1.0    -1.0   -1.0    -1.0     1.0    0.3   -1.0       1.0       0
imfau6                             -1.0        -1.0       300.0          -1.0    217 181 147 255   2.5   235 156 120 255   3.7     0   0   0   0   0.0        0.90        0   0   0   0      0   0   0   0     1.0      0    28.0           1.0          1.1              1.1               1.0               1.0           1.3    137 130 126     0   0   0      0.7         1.0      1.0      1.0            1.0         1.0          0.0        32.0     13.6     100.0       0.0     0.0    -1.0    -1.0     0.0     0.0     0.0    -1.0    -1.0   -1.0    -1.0     1.0    0.5   -1.0       1.0       0
imfau2                             -1.0        -1.0       300.0          -1.0    255 255 255 255   5.8   255 255 255 255   4.2     0   0   0   0   0.0        0.40        0   0   0   0      0   0   0   0     1.0      0    25.5           1.0          1.0              1.0               0.5               0.4           0.6    165 125 130     0   0   0      0.6        -1.0      0.8     -1.0           -1.0        -1.0          0.0        32.0      5.4     100.0       0.0    -1.0    -1.0    -1.0     0.0     0.0     0.0     0.3     1.0   -1.0    -1.0     1.0    1.0   -1.0       1.0       0
wedint                             -1.0       500.0       450.0         500.0    255 252 168 255  11.3   255 224 204 255  12.7     0   0   0 255   0.0        0.50        0   0   0   0      0   0   0   0     1.0      0    28.0           1.0          1.6              1.0               0.1               1.0           5.0    140 140 128     0   0   0      0.4         1.0      0.8      1.0            1.0         1.0          0.0        32.0     13.6     100.0       0.0     0.0    -1.0    -1.0     0.0     0.0     0.0    -1.0    -1.0   -1.0    -1.0     1.0    0.6    1.0       1.0       0
gm_2                               -1.0        -1.0       300.0          -1.0    247 207 173 255   5.0   224 182 155 255   6.0     0   0   0 255   0.0        0.45        0   0   0   0      0   0   0   0     1.0      0    28.0           1.0          1.5              1.0               1.3               1.1           1.0    138 132 124     0   0   0      0.7         1.0      1.0      1.0            1.0         1.0          0.0        32.0     20.0     100.0       0.0     0.0    -1.0    -1.0     0.0     0.0     0.0    -1.0    -1.0   -1.0    -1.0     1.0    0.6   -1.0       1.0       0
br_1                               -1.0        60.0       299.0         300.0    255 217 186 255   3.0   235 250 200 255   3.5     0   0   0 255   0.0        1.00        0   0   0   0      0   0   0   0     1.0      0    28.0           1.0          1.0              1.0               0.3               0.9           5.0    128 128 128     0   0   0      0.7         1.0      0.8      1.0            1.0         1.0          0.0        32.0      8.4     100.0       0.0     0.0    -1.0    -1.0     0.0     0.0     0.0    -1.0    -1.0   -1.0    -1.0     1.0   -1.0   -1.0       1.0       0
br_4                               -1.0        60.0       299.0         300.0    255 226 199 255   3.5   252 251 204 255   3.5     0   0   0 255   0.0        1.00        0   0   0   0      0   0   0   0     1.0      0    28.0           1.0          1.0              1.0               0.3               0.9           3.0    130 126 127     0   0   0      0.7         1.0      0.8      1.0            1.0         1.0          0.0        32.0      8.4     100.0       0.0     1.6    -1.0    -1.0     0.0     0.0     0.0    -1.0    -1.0   -1.0    -1.0     1.0    0.5    0.1       1.0       0
px_2                               -1.0        -1.0       299.0         300.0    255 217 186 255   7.6   235 250 200 255   6.3     0   0   0 255   0.0        1.00        0   0   0   0      0   0   0   0     1.0      0    28.0           0.8          1.3              1.0               0.3               0.9           5.0    128 128 128     0   0   0      0.7         1.0      0.8      1.0            1.0         1.0          0.0        32.0      8.4     100.0       0.0     0.0    -1.0    -1.0     0.0     0.0     0.0    -1.0    -1.0   -1.0    -1.0     1.0   -1.0   -1.0       1.0       0
pxdf                               -1.0        -1.0       299.0         300.0    255 217 186 255   5.3   235 250 200 255   5.3     0   0   0 255   0.0        1.00        0   0   0   0      0   0   0   0     1.0      0    28.0           0.8          1.3              1.0               0.3               0.9           5.0    128 128 128     0   0   0      0.7         1.0      0.8      1.0            1.0         1.0          0.0        32.0      8.4     100.0       0.0     0.0    -1.0    -1.0     0.0     0.0     0.0    -1.0    -1.0   -1.0    -1.0     1.0   -1.0   -1.0       1.0       0
rb_4b                              -1.0        -1.0       351.0         352.0    255 255 255 255   1.2   255 255 255 255   0.6     0   0   0 255   0.0        0.50        0   0   0   0      0   0   0   0     1.0      0    28.0           1.0          1.0              1.0               0.3               0.9           1.0    131 126 129     0   0   0      0.4         1.0      1.0      1.0            1.0         1.0          0.0        32.0      3.2     100.0       0.0     0.1    -1.0    -1.0     0.0     0.0     0.0    -1.0    -1.0   -1.0     0.2     1.0    0.5   -1.0       1.0       0
vla1_a                             -1.0       500.0       300.0          -1.0    255 255 255 255   5.0   255 255 255 255   5.0     0   0   0 255   0.0        0.30        0   0   0   0      0   0   0   0     1.0      0    28.0           1.0          1.7              1.0               1.0              -8.8           5.8    128 128 128     0   0   0      0.7         1.0      1.0      1.0            1.0         1.0          0.0        32.0     23.6     14.8       0.0     0.0    -1.0    -1.0     0.0     0.0     0.0    -1.0    -1.0   -1.0    -1.0     1.0   -1.0   -1.0       1.0       0
vla2_a                             -1.0       500.0       300.0          -1.0    255 255 255 255   5.0   255 255 255 255   5.0     0   0   0 255   0.0        0.30        0   0   0   0      0   0   0   0     1.0      0    28.0           1.0          1.7              1.0               1.0              -8.8           5.8    128 128 128     0   0   0      0.7         1.0      1.0      1.0            1.0         1.0          0.0        32.0     23.6     14.8       0.0     0.0    -1.0    -1.0     0.0     0.0     0.0    -1.0    -1.0   -1.0    -1.0     1.0   -1.0   -1.0       1.0       0
vla4_a                             -1.0       500.0       300.0          -1.0    255 255 255 255   5.0   255 255 255 255   5.0     0   0   0 255   0.0        0.30        0   0   0   0      0   0   0   0     1.0      0    28.0           1.0          1.7              1.0               1.0              -8.8           3.0    128 128 128     0   0   0      0.7         1.0      1.0      1.0            1.0         1.0          0.0        32.0     23.6     14.8       0.0     0.0    -1.0    -1.0     0.0     0.0     0.0    -1.0    -1.0   -1.0    -1.0     1.0    0.6   -1.0       1.0       0
rom8_b                             -1.0       500.0       300.0          -1.0    255 255 255 255   5.0   255 255 255 255   5.0     0   0   0 255   0.0        0.30        0   0   0   0      0   0   0   0     1.0      0    28.0           1.0          1.7              1.0               1.0              -8.8           3.0    128 128 128     0   0   0      0.7         1.0      1.0      1.0            1.0         1.0          0.0        32.0     23.6     14.8       0.0     0.0    -1.0    -1.0     0.0     0.0     0.0    -1.0    -1.0   -1.0    -1.0     1.0    0.6   -1.0       1.0       0
pm_3                               -1.0        -1.0       300.0          -1.0    247 207 173 255   6.0   250 229 162 255   3.9     0   0   0 255   0.0        0.90        0   0   0   0      0   0   0   0     1.0      0    28.0           1.0          1.4              1.0               1.3               1.1           1.0    134 133 124     0   0   0      0.7         1.0      1.1      1.0            1.0         1.0          0.0        32.0     20.0     100.0       0.0     0.0    -1.0    -1.0     0.0     0.0     0.0    -1.0    -1.0   -1.0    -1.0     1.0    0.6   -1.0       1.0       0
em_1                               -1.0        -1.0       300.0          -1.0    247 223 173 255   5.6   255 214 181 255   6.8     0   0   0 255   0.0        1.00        0   0   0   0      0   0   0   0     1.0      0    28.0           1.0          1.4              1.0               1.3               1.1           1.0    131 128 124     0   0   0      0.7         1.0      1.1      1.0            1.0         1.0          0.0        32.0     20.0     100.0       0.0     0.0    -1.0    -1.0     0.0     0.0     0.0    -1.0    -1.0   -1.0    -1.0     1.0    0.6   -1.0       1.0       0
em_2                               -1.0        -1.0       300.0          -1.0    247 223 173 255   6.1   255 214 181 255   6.1     0   0   0 255   0.0        1.00        0   0   0   0      0   0   0   0     1.0      0    28.0           1.0          1.4              1.0               1.3               1.1           1.0    131 128 124     0   0   0      0.7         1.0      1.1      1.0            1.0         1.0          0.0        32.0     20.0     100.0       0.0     0.0    -1.0    -1.0     0.0     0.0     0.0    -1.0    -1.0   -1.0    -1.0     1.0    0.6   -1.0       1.0       0
em_3                               -1.0        -1.0       300.0          -1.0    247 207 173 255   9.0   230 156 110 255   7.6     0   0   0 255   0.0        0.50        0   0   0   0      0   0   0   0     1.0      0    28.0           1.0          1.1              1.1               1.0               1.1           1.0    140 130 124     0   0   0      0.7         1.0      0.9      1.0            1.0         1.0          0.0        32.0     18.0     100.0       0.0     0.0    -1.0    -1.0     0.0     0.0     0.0    -1.0    -1.0   -1.0    -1.0     1.0    0.6    5.0       1.0       0
em_5                               -1.0        -1.0       300.0          -1.0    247 223 173 255   6.1   255 214 181 255   6.1     0   0   0 255   0.0        1.00        0   0   0   0      0   0   0   0     1.0      0    28.0           1.0          1.4              1.0               1.3               1.1           1.0    131 128 124     0   0   0      0.7         1.0      1.1      1.0            1.0         1.0          0.0        32.0     20.0     100.0       0.0     0.0    -1.0    -1.0     0.0     0.0     0.0    -1.0    -1.0   -1.0    -1.0     1.0    0.6   -1.0       1.0       0
em_7                               -1.0        -1.0       300.0          -1.0    247 207 173 255   8.9   230 156 110 255   8.3     0   0   0 255   0.0        0.45        0   0   0   0      0   0   0   0     1.0      0    28.0           1.0          1.1              1.1               1.0               1.1           1.0    140 130 124     0   0   0      0.7         1.0      0.9      1.0            1.0         1.0          0.0        32.0     18.0     100.0       0.0     0.0    -1.0    -1.0     0.0     0.0     0.0    -1.0    -1.0   -1.0    -1.0     1.0    0.6    5.0       1.0       0
fau4_a                             -1.0        -1.0       200.0         250.0    219 209 160 255   7.7   182 192 217 255   8.9     0   0   0 255   0.0        0.55        0   0   0   0      0   0   0   0     1.0      0    28.0           1.0          1.0              1.0               0.4               0.8           3.0    128 128 128     0   0   0      0.6         1.0      1.0      1.0            1.0         1.0          0.0        32.0     11.0     100.0       0.0     0.0    -1.0    -1.0     0.0     0.0     0.0    -1.0    -1.0   -1.0    -1.0     1.0    0.5   -1.0       1.0       0
show_1                             -1.0       250.0        99.0         100.0    255 232 201 255   1.5   255 252 209 255   1.5     0   0   0 255   0.0        1.00        0   0   0   0      0   0   0   0     1.0      0    28.0           1.0          1.0              1.1               0.5               1.0           1.0    132 128 128     0   0   0      0.7         1.0      0.7      1.0            1.0         1.0          0.0        32.0     12.0     100.0       0.0    -1.0    -1.0    -1.0     0.0     0.0     0.0    -1.0    -1.0   -1.0    -1.0     1.0    0.6    1.0       1.0       0
show_2                             -1.0       250.0        99.0         100.0    255 232 201 255   1.5   255 252 209 255   1.5     0   0   0 255   0.0        1.00        0   0   0   0      0   0   0   0     1.0      0    28.0           1.0          1.0              1.1               0.5               1.0           1.0    132 128 128     0   0   0      0.7         1.0      0.7      1.0            1.0         1.0          0.0        32.0     12.0     100.0       0.0    -1.0    -1.0    -1.0     0.0     0.0     0.0    -1.0    -1.0   -1.0    -1.0     1.0    0.6    1.0       1.0       0
show_3                             -1.0       250.0        99.0         100.0    255 232 201 255   1.5   255 252 209 255   1.5     0   0   0 255   0.0        1.00        0   0   0   0      0   0   0   0     1.0      0    28.0           1.0          1.0              1.1               0.5               1.0           1.0    132 128 128     0   0   0      0.7         1.0      0.7      1.0            1.0         1.0          0.0        32.0     12.0     100.0       0.0    -1.0    -1.0    -1.0     0.0     0.0     0.0    -1.0    -1.0   -1.0    -1.0     1.0    0.6    1.0       1.0       0
show_4                             -1.0       250.0        99.0         100.0    255 232 201 255   1.5   255 252 209 255   1.5     0   0   0 255   0.0        1.00        0   0   0   0      0   0   0   0     1.0      0    28.0           1.0          1.0              1.1               0.5               1.0           1.0    132 128 128     0   0   0      0.7         1.0      0.7      1.0            1.0         1.0          0.0        32.0     12.0     100.0       0.0    -1.0    -1.0    -1.0     0.0     0.0     0.0    -1.0    -1.0   -1.0    -1.0     1.0    0.6    1.0       1.0       0
show_5                             -1.0       250.0        99.0         100.0    255 232 201 255   1.5   255 252 209 255   1.5     0   0   0 255   0.0        1.00        0   0   0   0      0   0   0   0     1.0      0    28.0           1.0          1.0              1.1               0.5               1.0           1.0    132 128 128     0   0   0      0.7         1.0      0.7      1.0            1.0         1.0          0.0        32.0     12.0     100.0       0.0    -1.0    -1.0    -1.0     0.0     0.0     0.0    -1.0    -1.0   -1.0    -1.0     1.0    0.6    1.0       1.0       0
show_6                             -1.0       250.0        99.0         100.0    255 232 201 255   1.5   255 252 209 255   1.5     0   0   0 255   0.0        1.00        0   0   0   0      0   0   0   0     1.0      0    28.0           1.0          1.0              1.1               0.5               1.0           1.0    132 128 128     0   0   0      0.7         1.0      0.7      1.0            1.0         1.0          0.0        32.0     12.0     100.0       0.0    -1.0    -1.0    -1.0     0.0     0.0     0.0    -1.0    -1.0   -1.0    -1.0     1.0    0.6    1.0       1.0       0
show_7                             -1.0       250.0        99.0         100.0    255 232 201 255   1.5   255 252 209 255   1.5     0   0   0 255   0.0        1.00        0   0   0   0      0   0   0   0     1.0      0    28.0           1.0          1.0              1.1               0.5               1.0           1.0    132 128 128     0   0   0      0.7         1.0      0.7      1.0            1.0         1.0          0.0        32.0     12.0     100.0       0.0    -1.0    -1.0    -1.0     0.0     0.0     0.0    -1.0    -1.0   -1.0    -1.0     1.0    0.6    1.0       1.0       0
show_8                             -1.0       250.0        99.0         100.0    255 232 201 255   1.5   255 252 209 255   1.5     0   0   0 255   0.0        1.00        0   0   0   0      0   0   0   0     1.0      0    28.0           1.0          1.0              1.1               0.5               1.0           1.0    132 128 128     0   0   0      0.7         1.0      0.7      1.0            1.0         1.0          0.0        32.0     12.0     100.0       0.0    -1.0    -1.0    -1.0     0.0     0.0     0.0    -1.0    -1.0   -1.0    -1.0     1.0    0.6    1.0       1.0       0
rb_4                               -1.0       300.0        -1.0          -1.0    176 229 255 255   2.0   128 255 251 255   2.9     0   0   0 255   0.0        0.50        1   1   1 255      1   1   1   0     1.0      0    28.0           1.0          1.0              1.0               0.3               0.5           3.0    117 129 124     0   0   0      0.7         1.0      0.7      1.0            1.0         0.8          0.0        32.0      5.0     100.0       0.1    -1.0    -1.0    -1.0     0.0     0.0     0.0    -1.0    -1.0   -1.0    -1.0     1.0    0.4   -1.0       1.0       255
j_1                                -1.0        -1.0       300.0          -1.0    245 220 152 255   5.2   252 204 164 255   5.1     0   0   0 255   0.0        0.70        0   0   0   0      0   0   0   0     1.0      0    28.0           1.0          1.0              1.0               1.0               0.9           1.0    140 140 132     0   0   0      0.7         1.0      1.0      1.0            1.0         1.0          0.0        32.0     13.6     100.0       0.0     0.0    -1.0    -1.0     0.0     0.0     0.0    -1.0    -1.0   -1.0    -1.0     1.0    0.6    1.0       1.0       0
rp_13                              -1.0        -1.0       300.0          -1.0    252 237 212 255   4.9   255 205 199 255   4.5     0   0   0 255   0.0        0.50        0   0   0   0      0   0   0   0     1.0      0    28.0           1.0          1.0              1.0               0.5               0.8           0.1    135 128 128     0   0   0      0.7         1.0      1.0      1.0            1.0         1.0          0.0        32.0      7.8     100.0       0.0     0.0    -1.0    -1.0     0.0     0.0     0.0    -1.0    -1.0   -1.0    -1.0     1.0    0.6   -1.0       1.0       0
rom2_a                             50.0        50.0        60.0          60.0    222 193 160 255   8.0   222 213 166 255   8.0     0   0   0 255   0.0        0.65       64 230 205   0    138  81  74   0     1.0      0    28.0           1.0          1.0              1.0               0.5               0.7           1.0    137 135 122     0   0   0      0.7         1.0      1.0      1.0            1.0         1.0          0.0        32.0      6.0     100.0       0.0     0.0    -1.0    -1.0     0.0     0.0     0.0    -1.0    -1.0   -1.0    -1.0     1.0    0.8   -1.0       1.0       0
rom3_a                             50.0        50.0        60.0          60.0    222 193 160 255   7.8   222 213 166 255   6.1     0   0   0 255   0.0        0.65       64 230 205   0    138  81  74   0     1.0      0    28.0           1.0          1.0              1.0               0.5               0.7           1.0    137 135 122     0   0   0      0.7         1.0      1.0      1.0            1.0         1.0          0.0        32.0      6.0     100.0       0.0     0.0    -1.0    -1.0     0.0     0.0     0.0    -1.0    -1.0   -1.0    -1.0     1.0    0.8   -1.0       1.0       0
rom5_a                             50.0        50.0        60.0          60.0    222 193 160 255   7.8   222 213 166 255   6.1     0   0   0 255   0.0        0.65       64 230 205   0    138  81  74   0     1.0      0    28.0           1.0          1.0              1.0               0.5               0.7           1.0    137 135 122     0   0   0      0.7         1.0      1.0      1.0            1.0         1.0          0.0        32.0      6.0     100.0       0.0     0.0    -1.0    -1.0     0.0     0.0     0.0    -1.0    -1.0   -1.0    -1.0     1.0    0.8   -1.0       1.0       0
rom6_a                             50.0        50.0        60.0          60.0    222 193 160 255   7.8   222 213 166 255   6.1     0   0   0 255   0.0        0.65       64 230 205   0    138  81  74   0     1.0      0    28.0           1.0          1.0              1.0               0.5               0.7           1.0    137 135 122     0   0   0      0.7         1.0      1.0      1.0            1.0         1.0          0.0        32.0      6.0     100.0       0.0     0.0    -1.0    -1.0     0.0     0.0     0.0    -1.0    -1.0   -1.0    -1.0     1.0    0.8   -1.0       1.0       0
rom8_a                             50.0        50.0        60.0          60.0    222 193 160 255   7.8   222 213 166 255   6.1     0   0   0 255   0.0        0.65       64 230 205   0    138  81  74   0     1.0      0    28.0           1.0          1.0              1.0               0.5               0.7           1.0    137 135 122     0   0   0      0.7         1.0      1.0      1.0            1.0         1.0          0.0        32.0      6.0     100.0       0.0     0.0    -1.0    -1.0     0.0     0.0     0.0    -1.0    -1.0   -1.0    -1.0     1.0    0.8   -1.0       1.0       0
r_9                                50.0        50.0        60.0          60.0    222 193 160 255   7.8   222 213 166 255   6.1     0   0   0 255   0.0        0.65       64 230 205   0    138  81  74   0     1.0      0    28.0           1.0          1.0              1.0               0.5               0.7           1.0    137 135 122     0   0   0      0.7         1.0      1.0      1.0            1.0         1.0          0.0        32.0      6.0     100.0       0.0     0.0    -1.0    -1.0     0.0     0.0     0.0    -1.0    -1.0   -1.0    -1.0     1.0    0.8   -1.0       1.0       0
Classic                            -1.0        -1.0        -1.0          -1.0    255 255 255   0   1.0   255 255 255   0   1.0   255   0   0   0   0.0        1.00        0   0   0   0      0   0   0   0     1.0      0    -100.0           1.0          1.0              1.3               1.0              -1.0           3.9    128 128 128   255 255 255      0.0        -1.0      1.2      0.2           -1.0        -1.0         -1.0        -1.0     -1.0     -1.0       0.0    -1.0    -1.0    -1.0     0.0     0.0     0.0    -1.0    -1.0   -1.0    -1.0    -1.0    0.7   -1.0      -1.0       0
Tweaked                            -1.0        -1.0        -1.0          -1.0    255 255 255   0   0.0   255 255 255   0   1.0   255   0   0   0   0.0        1.00        0   0   0   0      0   0   0   0     1.0      0    -100.0           0.1         -2.0              6.2              30.6               1.4           0.3    157  74 118   124 198 153      1.4        -6.8      4.3      0.9            0.1         4.4         -1.0        -1.0      2.2      7.2       0.0    -1.0    -1.0    -1.0     0.0     0.0     0.0    -1.0    -1.0   -1.0    -1.0    -1.0   -1.0   -1.0       1.0       0
Cinema                             -1.0        -1.0        -1.0          -1.0    255 255 255   0   6.6   255 255 255   0   1.0    69  59   0   0   0.0        1.00        7 179 200  15      0 124 237 142     1.0      0    -92.8           1.0          5.0              1.1               2.0               0.4           1.1    132 138 128    88  68   0      1.1         3.3      1.1      1.0            0.9         0.7         -1.0        -1.0     25.3     82.4       0.0    -1.0    -1.0    -1.0     0.0     0.0     0.0    -1.0    -1.0   -1.0    -1.0    -1.0    1.0   11.5      -1.0       72
Verte                              -1.0        -1.0        -1.0          -1.0    255 255 255   0   6.6   255 255 255   0   1.0   255 106   0   0   0.0        1.00      115 130 100 255      0   0 248   0     1.0      0    -100.0           1.0          1.2              0.5               2.0               0.9          100.0     93  89  56    30 231 229      1.0        16.8      1.0      0.2           -1.0         2.0         -1.0        -1.0     10.6      6.7       0.0    -1.0    -1.0    -1.0     0.0     0.0     0.0    -1.0    -1.0   -1.0    -1.0    -1.0    1.0   10.6      -1.0       0
Hot                                -1.0        -1.0        -1.0          -1.0    255 255 255   0   6.6   255 255 255   0   1.0   255 106   0   0   0.0        1.00      115 130 100 255      0   0 248   0     1.0      0    -100.0           1.0          0.4              0.8               2.0               1.8          100.0    234  58   7    69  32 255      1.0         9.7      2.3      0.2           -1.0        -1.0         -1.0        -1.0     -1.0     -1.0       0.0    -1.0    -1.0    -1.0     0.0     0.0     0.0    -1.0    -1.0   -1.0    -1.0    -1.0    1.0    6.1      -1.0       0
Steel                              -1.0        -1.0        -1.0          -1.0    255 255 255   0   6.6   255 255 255   0   1.0   255 106   0   0   0.0        1.00      121  71  16  61    170 155 240   0     1.0      0    -92.8           1.0          3.5              3.9               2.0               0.4           7.2    128 128 102   208 188 150      0.7         3.1      1.6      1.0            0.9         0.8         -1.0        -1.0     25.3     82.4       0.0    -1.0    -1.0    -1.0     0.0     0.0     0.0    -1.0    -1.0   -1.0    -1.0    -1.0    1.0   11.5      -1.0       149
Psyche                             -1.0      1800.0       259.0          -1.0    255 128 128 128   3.6     0   0   0 132   2.3   255 255 255 255   0.0        1.00      181  34  11 255     66  11 255 149     1.0      0    -100.0           1.0          0.7              0.9               1.0              -1.0          18.0      0   0 255   128 128 128      0.6        -1.0      1.0      1.0           -1.0         2.0         -1.0        -1.0     -1.0      1.1       0.0     0.6     1.5    51.5     0.0     0.0     0.0    -1.0     1.0   -1.0    -1.0     0.7    0.7    6.9      -1.0       213
Romantic                           -1.0        -1.0       321.5         511.5    255 255 255   0   1.0   255 255 255   0   1.0     0   0   0   0   0.0        1.00      255 255 255  58    201 169 110 255     1.0      0    -100.0           1.0          1.0              1.9               0.8              -1.0          23.0    163 105 106   255 255 255      0.6        -1.0      0.4     -1.0           -1.0        -1.0         -1.0        -1.0     27.0     17.3       0.0    -0.9    -1.0    -1.0     0.0     0.0     0.0    -1.0    -1.0   -1.0    -1.0    -1.0    0.8   -1.0      -1.0       68
Sepia                              -1.0        -1.0        -1.0          -1.0    255 255 255   0   1.0   255 255 255   0   1.0   255   0   0   0   0.0        1.00        0   0   0   0      0   0   0   0     1.0      0    -100.0           1.0          1.0              1.3               1.0              -1.0           3.9    100  90  70   255 255 255      0.1        -1.0      1.2      0.2           -1.0        -1.0         -1.0        -1.0     -1.0     -1.0       0.0    -1.0    -1.0    -1.0     0.0     0.0     0.0    -1.0    -1.0   -1.0    -1.0    -1.0    0.7   -1.0      -1.0       0
Muddy                              -1.0        -1.0        -1.0          -1.0    138 118 183 101   0.4    15   2   0 248  67.0   255  14   0   0   0.0        1.00      246   0   0   0      4  30   0   0     1.0      0    -100.0           1.0         24.4              0.9               2.4              -1.0          100.0    181 146 143   255 255 255      1.0        -1.0      2.3      1.0           -1.0        -1.0         -1.0        -1.0     -1.0     -1.0       0.0    -1.0    -1.0    -1.0     0.0     0.0     0.0    -0.5    -0.7   -1.0    -1.0     0.1    1.0   -1.0      -1.0       0
Neon                               -1.0        -1.0        -1.0          -1.0    255 255 255   0   0.0   255 255 255   0   1.0   255 227   0  91   1.4        1.00      242 222 147  40      0   0   0   0     1.0      0    -100.0           1.0          0.1              0.4               1.0               1.3           0.3    157  74 166   109 209 153     10.0        -1.0     -0.6      0.2           -1.0         4.9         -1.0        -1.0      0.8      1.4       0.0    -1.0    -1.0    -1.0     0.0     0.0     0.0    -1.0    -1.0   -0.9    -1.0    -1.0    0.7   -0.2      -1.0       13
Rouge                              -1.0        -1.0        -1.0          -1.0    255 255 255   0   1.0   255 255 255   0   1.0   255   0   0   0   0.0        1.00        0   0   0   0      0   0   0   0     1.0      0    -100.0           1.0          0.9              0.9               1.0              -1.0           0.1    155   0   0   255 255 255      1.0        -1.0      1.4      0.2           -1.0        -1.0         -1.0        -1.0     -1.0     -1.0       0.0    -1.0    -1.0    -1.0     0.0     0.0     0.0    -1.0    -1.0   -1.0    -1.0    -1.0    1.0   -1.0      -1.0       0
Bronze                             -1.0        -1.0        -1.0          -1.0    255 255 255   0   1.0   255 255 255   0   1.0     0   0   0   0   0.0        1.00        0   0   0   0      0   0   0   0     1.0      0    -100.0           1.0          0.3              8.5               1.0              -1.0           1.7    170 170 120     0   0   0      0.1        -1.0      3.4      1.0           -1.0        -1.0         -1.0        -1.0      2.4      2.5       0.0    -1.0    -1.0    -1.0     0.0     0.0     0.0    -1.0    -1.0   -1.0    -1.0    -1.0    1.0    2.4      -1.0       0
Ulraviolet                         -1.0        -1.0        -1.0          -1.0    255 255 255   0   6.6   255 255 255   0   1.0     0   0   0   0   0.0        1.00       10  10  10 255     10  10  10 255     1.0      0    -100.0           1.0          0.8              1.0               2.0               1.8           7.1     25  25 135    50 128 255      0.5         1.0      1.3      0.2           -1.0        -1.0         -1.0        -1.0      3.0      6.6       0.0    -1.0    -1.0    -1.0     0.0     0.0     0.0    -1.0    -1.0   -1.0    -1.0    -1.0    1.0    4.0      -1.0       0
Eclipse                            -1.0        -1.0        -1.0          -1.0    255 255 255   0   6.6   255 255 255   0   1.0   255 106   0   0   0.0        1.00      205  88  24 232    242   9 230   0     1.0      0    -92.8           1.0          5.7              1.0               2.0               0.4           1.1    128 128 128   128 128 128      0.7         3.3      1.1      1.0            0.9         0.8         -1.0        -1.0     20.5     31.5       0.0    -1.0    -1.0    -1.0     0.0     0.0     0.0    -1.0    -1.0   -1.0    -1.0    -1.0    1.0   11.5      -1.0       240
Noire                              -1.0      1800.0        -1.0         386.5    255 255 255 255   4.3     0   0   0 132   5.7     0   0   0   0   0.0        1.00       29  14  11 255     11   8   9 149     1.0      0    -100.0           1.0          0.6              0.9               1.0              -1.0           2.7    155 155 155   128 128 128      0.0        -1.0      1.9      0.2           -1.0         0.5         -1.0        -1.0     -1.0      1.1       0.0    -1.0     1.5    51.5     0.0     0.0     0.0    -1.0     1.0   -1.0    -1.0     0.7    0.7    1.6      -1.0       213
colors                             -1.0        -1.0        -1.0          -1.0    255 255 255   0   1.0   255 255 255   0   1.0   255   0   0   0   0.0        1.00        0   0   0   0      0   0   0   0     1.0      0    -100.0           1.0          1.0              1.3               1.0              -1.0           2.0    128 128 128   255 255 255      7.0        -1.0      1.2      0.2           -1.0        -1.0         -1.0        -1.0     -1.0     -1.0       0.0     0.2    -1.0    -1.0     0.0     0.0     0.0    -1.0    -1.0   -1.0    -1.0    -1.0    0.7   -1.0      -1.0       0
Vintage                            -1.0        -1.0        -1.0          -1.0    255 255 255   0   0.0   255 255 255   0   1.0   255   0   0   0   0.0        1.00        0   0   0   0      0   0   0   0     1.0      0    -100.0           1.0          0.1              0.6              27.2              -1.0           0.3    104 111  64   209 251 255      0.7        -1.0      0.7      0.2           -1.0        -1.0         -1.0        -1.0      0.8      1.4       0.0    -1.0    -1.0    -1.0     0.0     0.0     0.0    -1.0    -1.0   -1.0    -1.0    -1.0    0.7   -1.0      -1.0       0
Fire                               -1.0        -1.0        -1.0          -1.0    255 255 255   0   6.6   255 255 255   0   1.0   255 106   0   0   0.0        1.00      115 130 100 255      0   0 248   0     1.0      0    -100.0           1.0          1.7              1.2               2.0               1.8           7.0    234  58   7    69  32 255      1.0         9.0      0.9      0.2           -1.0        -1.0         -1.0        -1.0     -1.0     -1.0       0.0    -1.0    -1.0    -1.0     0.0     0.0     0.0    -1.0    -1.0   -1.0    -1.0    -1.0    1.0    4.0      -1.0       0
Sketch                             -1.0        -1.0        -1.0          -1.0    255 255 255   0   1.0   255 255 255   0   1.0   255   0   0   0   0.0        1.00        0   0   0   0      0   0   0   0     1.0      0    -100.0           1.0         10.0              1.9               0.5              -1.0           2.4    128 128 128   255 255 255      0.0        -1.0      1.2      0.2           -1.0        -1.0         -1.0        -1.0     -1.0     -1.0       0.0    -1.0    -1.0     1.5     0.0     0.0     0.0     1.0     0.2   -1.0    -1.0    -1.0    1.0   -1.0      -1.0       0
