# PLAYERSETTINGSLIGHTS.DAT
# Code maintained by Miguel Freitas
# Date maintained by Rick Stirling
#
#######################################################################################################################################
# NOTES -
#######################################################################################################################################
#
#######################################################################################################################################
# Lights Types:
#     LT_POINT   = 0
#     LT_DIR     = 1
#     LT_SPOT    = 2
#     LT_AMBOCC  = 3
#     LT_CLAMPED = 4
#
#######################################################################################################################################

# ---------------------------------------------------------------------------------------------------------------------------------------------------------------------
# -Type- -Direction-   -Position Offset-     -LookAt Offset-   -Color RGB-         -Intensity- -FallOff- -InnerConeAngle- -OuterConeAngle- -VolScale- -VolSize-
# ---------------------------------------------------------------------------------------------------------------------------------------------------------------------


2         0.0 0.0 0.0   1.0    3.0    1.5     0.0 0.0 -0.2      255.0 255.0 255.0   0.035       40.0      4.0               100.0           100.0      100.0
2         0.0 0.0 0.0  -3.0    1.0    1.0     0.0 0.0 -0.2      240.0 240.0 255.0   0.01        40.0      4.0               100.0           100.0      100.0
2         0.0 0.0 0.0   -1.093 -1.195  0.233   0.0 0.0 -0.2      80.0 110.0 180.0   0.3         40.0      4.0               100.0           100.0      100.0
2         0.0 0.0 0.0   1.998 -1.5   -0.4     0.0 0.0 -0.2      255.0 200.0 120.0   0.5         10.0      4.0               100.0           100.0      100.0
2         0.0 0.0 0.0   0.4    1.403 -1.350   0.0 0.0 -0.2      100.0 110.0 110.0   0.01        10.0      4.0               100.0           100.0      100.0
2         0.0 0.0 0.0   0.0    2.0    0.0     0.0 0.0 -0.2      255.0 255.0 255.0   0.0         40.0      4.0               100.0           100.0      100.0
2         0.0 0.0 0.0   0.0    2.0    0.0     0.0 0.0 -0.2      255.0 255.0 255.0   0.0         40.0      4.0               100.0           100.0      100.0
2         0.0 0.0 0.0   0.0    2.0    0.0     0.0 0.0 0.0       255.0 255.0 255.0   0.0         40.0      4.0               100.0           100.0      100.0

