# PLAYERSETTINGSLIGHTS.DAT
# Code maintained by Miguel Freitas
# Date maintained by Rick Stirling
#
#######################################################################################################################################
# NOTES -
#######################################################################################################################################
#
#######################################################################################################################################
# Lights Types:
#     LT_POINT   = 0
#     LT_DIR     = 1
#     LT_SPOT    = 2
#     LT_AMBOCC  = 3
#     LT_CLAMPED = 4
#
#######################################################################################################################################

# ---------------------------------------------------------------------------------------------------------------------------------------------------------------------
# -Type- -Direction-   -Position Offset-     -LookAt Offset-   -Color RGB-         -Intensity- -FallOff- -InnerConeAngle- -OuterConeAngle- -VolScale- -VolSize-
# ---------------------------------------------------------------------------------------------------------------------------------------------------------------------


2        -0.940 -0.174 -0.293   7.645  1.295  2.790 -0.002 -.117 .410  156.0 140.0  95.0  0.275       40.0       1.0               7.942           100.0      100.0
2         0.887 -0.296 -0.355  -3.0    1.0    1.0    0.0 0.0 -0.2      156.0 152.0 106.0  0.058       40.0       4.0               100.0           100.0      100.0
2         0.533  0.347 -0.772  -4.828 -3.448  6.795  0.0 0.0 -0.2      80.0   95.2 130.0   0.48        40.0       4.0               100.0           100.0      100.0
2         0.0 0.0 0.0     1.998 -1.5   -0.4     0.0 0.0 -0.2      255.0 200.0 120.0   0.31         10.0       4.0               10.0           100.0      100.0
2         0.0 0.0 0.0     0.4    1.403 -1.350   0.0 0.0 -0.2      100.0 110.0 110.0   0.0         10.0       4.0               100.0           100.0      100.0
2         0.0 0.0 0.0     0.0    2.0    0.0     0.0 0.0 -0.2      255.0 255.0 255.0   0.0         40.0       4.0               100.0           100.0      100.0
2         0.0 0.0 0.0     0.0    2.0    0.0     0.0 0.0 -0.2      255.0 255.0 255.0   0.0         40.0       4.0               100.0           100.0      100.0
2         0.0 0.0 0.0     0.0    2.0    0.0     0.0 0.0 0.0       255.0 255.0 255.0   0.0         40.0       4.0               100.0           100.0      100.0

