# PLAYERSETTINGSLIGHTS.DAT
# Code maintained by Miguel Freitas
# Date maintained by Rick Stirling
#
#######################################################################################################################################
# NOTES -
#######################################################################################################################################
#
#######################################################################################################################################
# Lights Types:
#     LT_POINT   = 0
#     LT_DIR     = 1
#     LT_SPOT    = 2
#     LT_AMBOCC  = 3
#     LT_CLAMPED = 4
#
#######################################################################################################################################

# ---------------------------------------------------------------------------------------------------------------------------------------------------------------------
# -Type- -Direction-   -Position Offset-     -LookAt Offset-   -Color RGB-         -Intensity- -FallOff- -InnerConeAngle- -OuterConeAngle- -VolScale- -VolSize-
# ---------------------------------------------------------------------------------------------------------------------------------------------------------------------


2         0 0 0   10    30    1.5     0 0 -.2      255 255 255   .035       40      40               100           100      100
2         0 0 0  -30    10    10     0 0 -.2      240 240 255   .01        40      40               100           100      100
2         0 0 0   -1.093 -1.195  .233   0 0 -.2      80 110 180   .3         40      40               100           100      100
2         0 0 0   1.998 -1.5   -.4     0 0 -.2      255 200 120   .5         10      40               100           100      100
2         0 0 0   .4    1.403 -1.35   0 0 -.2      100 110 110   .01        10      40               100           100      100
2         0 0 0   0    20    0     0 0 -.2      255 255 255   0         40      40               100           100      100
2         0 0 0   0    20    0     0 0 -.2      255 255 255   0         40      40               100           100      100
2         0 0 0   0    20    0     0 0 0       255 255 255   0         40      40               100           100      100

